612
612
612
612
612
613
612
612
612
612
612
612
612
612
612
612
612
612
725
724
724
725
724
724
724
724
724
725
725
724
725
724
725
725
725
724
725
724
724
724
725
724
724
725
725
724
724
724
724
724
725
724
725
724
724
725
724
724
724
724
724
724
724
725
725
725
725
725
725
725
724
724
724
725
724
724
724
724
724
723
724
724
724
725
725
724
724
725
724
724
724
723
725
724
724
724
724
724
725
724
724
724
724
724
724
